"CENTAUR","COSMOS","EBONY","ODYSSEY","TOKUGAWA","FinalVote"
"1",0.268154723530413,0.0528698153276005,0.0541548225213634,0.127658902184694,0.49716173643593,"TOKUGAWA"
"2",0.730607015675893,0.0212797396413792,0.0375183248796525,0.0879163865078627,0.122678533295213,"CENTAUR"
"3",0.852339628379352,0.00228692255488493,0.0127534766137047,0.0623475435278517,0.0702724289242066,"CENTAUR"
"4",0.106701885793389,0.00916386888444609,0.0434610689120292,0.176857082253598,0.663816094156538,"TOKUGAWA"
"5",0.0460459970506988,0.081088525019099,0.0167587633313985,0.836099766291152,0.0200069483076518,"ODYSSEY"
"6",0.152775465380815,0.0207626638260381,0.0230182753369741,0.105996335225365,0.697447260230807,"TOKUGAWA"
"7",0.521013996992479,0.0134605766258499,0.0728892224261334,0.215468573058824,0.177167630896713,"CENTAUR"
"8",0.837454844059238,0.00260347314178159,0.0156312125648339,0.057388997057292,0.0869214731768541,"CENTAUR"
"9",0.0185252626641014,0.734105029037617,0.0770069781631931,0.158950607594992,0.0114121225400964,"COSMOS"
"10",0.771526650075709,0.00400919979749282,0.0233863781353265,0.107680142010098,0.0933976299813738,"CENTAUR"
"11",0.814585166108727,0.0114140650837948,0.0268067964485315,0.0791483781527782,0.0680455942061687,"CENTAUR"
"12",0.298440710958244,0.0188918839331808,0.015849789098332,0.106337131423547,0.560480484586696,"TOKUGAWA"
"13",0.0103281729685689,0.0610580842253159,0.908617762919919,0.0195217850827852,0.000474194803411515,"EBONY"
"14",0.0321196215769113,0.0677879662828332,0.0324708452381937,0.849047961742756,0.0185736051593055,"ODYSSEY"
"15",0.811884824856896,0.00634388665879963,0.00903725143107569,0.0987420587223753,0.0739919783308537,"CENTAUR"
"16",0.105286816358916,0.441351387498988,0.237775505949669,0.196502502029821,0.0190837881626057,"COSMOS"
"17",0.818607711397954,0.00771501145979607,0.0170801616752285,0.0688187146080832,0.0877784008589386,"CENTAUR"
"18",0.0687781680290068,0.0663676653025754,0.0417598381347562,0.80206542827372,0.0210289002599422,"ODYSSEY"
"19",0.0157709165335084,0.0304560680227963,0.940962378269444,0.0122642895615935,0.000546347612657869,"EBONY"
"20",0.0651587780404951,0.0567837507890769,0.0342139394065232,0.80298442649697,0.0408591052669351,"ODYSSEY"
"21",0.787141280437756,0.0242329477128388,0.0275051673398687,0.0760999786726617,0.0850206258368749,"CENTAUR"
"22",0.0120944298672089,0.152113429983867,0.0108675826801288,0.805230872186177,0.0196936852826193,"ODYSSEY"
"23",0.729983074989643,0.0426692894841777,0.0266282104570814,0.124354167948712,0.0763652571203851,"CENTAUR"
"24",0.0849452740412422,0.0411174638424924,0.0361292566636472,0.800790215631855,0.0370177898207632,"ODYSSEY"
"25",0.280792246752165,0.0746938616781646,0.0215635424908474,0.0764380933192379,0.546512255759585,"TOKUGAWA"
"26",0.0592457395603399,0.555295677442931,0.0502977689177393,0.2997850404238,0.0353757736551898,"COSMOS"
"27",0.0225860305404382,0.00543203640226101,0.0104041851302484,0.941288297991614,0.0202894499354386,"ODYSSEY"
"28",0.02769701638141,0.853707278938348,0.0364368601016904,0.0774188249436173,0.00474001963493454,"COSMOS"
"29",0.395662553636059,0.0395146791511796,0.0147715519152491,0.127147074034397,0.422904141263115,"TOKUGAWA"
"30",0.154468881825924,0.459516298195238,0.140136956499881,0.225314353894091,0.0205635095848665,"COSMOS"
"31",0.807540301682746,0.00385409009111655,0.0287894176622939,0.0838544864918932,0.0759617040719507,"CENTAUR"
"32",0.87481084878944,0.00360561724551752,0.0159348673721954,0.0550925171034791,0.0505561494893679,"CENTAUR"
"33",0.0831947439542969,0.0434879153952789,0.0468257845313635,0.799644922593856,0.0268466335252046,"ODYSSEY"
"34",0.0522530634256245,0.0604686490552275,0.0416247374333625,0.809820811500789,0.0358327385849963,"ODYSSEY"
"35",0.0740941817373259,0.0166126696327071,0.0296929477967384,0.860764826847734,0.0188353739854945,"ODYSSEY"
"36",0.811871126920405,0.00507212588761748,0.0205395444339951,0.0949248963081846,0.0675923064497981,"CENTAUR"
"37",0.670270416146127,0.0129565132791757,0.0204855909873196,0.199019667783027,0.097267811804351,"CENTAUR"
"38",0.0107449071484395,0.0262724455233367,0.948485134223466,0.0140173883695932,0.000480124735164589,"EBONY"
"39",0.11313099301856,0.0230803077178583,0.0480854900855982,0.780387615802997,0.035315593374987,"ODYSSEY"
"40",0.0488310092322075,0.746232743252294,0.0331327352877981,0.161626565424779,0.0101769468029217,"COSMOS"
"41",0.0881744930250883,0.458524468995132,0.152649762180904,0.265304296925886,0.0353469788729891,"COSMOS"
"42",0.770483703428499,0.00557348698448018,0.0370341098784927,0.088346250211926,0.0985624494966018,"CENTAUR"
"43",0.249501204754982,0.079723289122493,0.0353095525145589,0.138800238544551,0.496665715063415,"TOKUGAWA"
"44",0.848165389126743,0.0167315357376224,0.023421312189975,0.0558683957251597,0.0558133672204999,"CENTAUR"
"45",0.50250199287709,0.0192423888127141,0.0333628034205182,0.226172644687627,0.218720170202051,"CENTAUR"
"46",0.0616461215858602,0.800953297671339,0.0415099422868803,0.0891293094463229,0.00676132900959806,"COSMOS"
"47",0.820302807569197,0.0294124216642081,0.0126570469935886,0.0909213097554101,0.0467064140175957,"CENTAUR"
"48",0.0370753582763299,0.855027256553198,0.0336286001300979,0.0689608369194521,0.00530794812092205,"COSMOS"
"49",0.83236291070711,0.00622243121763418,0.0207193838325928,0.0686968953295138,0.0719983789131493,"CENTAUR"
"50",0.0644017825003762,0.682932567105486,0.119188928185132,0.107630227592658,0.0258464946163473,"COSMOS"
"51",0.0233729974851044,0.86352904988529,0.0188656929351449,0.0875586835268758,0.00667357616758532,"COSMOS"
"52",0.648969754276237,0.0175119863713266,0.0253707804783022,0.175065844230009,0.133081634644125,"CENTAUR"
"53",0.336236753967792,0.0100677435433207,0.0149867293857734,0.097665000380949,0.541043772722165,"TOKUGAWA"
"54",0.01657783078934,0.0596677939425581,0.91123627508824,0.0121596499263537,0.000358450253508567,"EBONY"
"55",0.366381262132778,0.0594276918391087,0.0330050338298143,0.0864482340933151,0.454737778104984,"TOKUGAWA"
"56",0.0822550874815259,0.0464835594146016,0.0330780035826956,0.783468846978122,0.0547145025430554,"ODYSSEY"
"57",0.895746095441215,0.0234914182901263,0.00165217109731461,0.0275777074910891,0.0515326076802552,"CENTAUR"
"58",0.0531503144463062,0.0325314916719117,0.0313288492672871,0.867682710511537,0.0153066341029585,"ODYSSEY"
"59",0.0495196353923082,0.0573636820733286,0.0406203066772193,0.822042839814518,0.0304535360426259,"ODYSSEY"
"60",0.0149577773082682,0.0272961713156528,0.0374617725270193,0.887728552705765,0.0325557261432951,"ODYSSEY"
"61",0.0646769640083227,0.669016215378978,0.0871256489300181,0.168525311980138,0.0106558597025422,"COSMOS"
"62",0.0342828559433445,0.216415542670708,0.403432405321596,0.322006069561264,0.0238631265030873,"EBONY"
"63",0.0412201452946748,0.449409602508983,0.10443128310064,0.393694558172783,0.0112444109229193,"COSMOS"
"64",0.0216161523970036,0.020679964641005,0.0409412107171903,0.906020896264378,0.0107417759804226,"ODYSSEY"
"65",0.737138094811123,0.0382239741982311,0.0354225492543448,0.116025420138131,0.0731899615981709,"CENTAUR"
"66",0.0468039904991609,0.0229625817782676,0.0405619101632997,0.862555897836393,0.0271156197228784,"ODYSSEY"
"67",0.0589691319103503,0.563770640931827,0.15862950857121,0.189003736295241,0.029626982291372,"COSMOS"
"68",0.0343281815067008,0.00414606288778702,0.0264725401468545,0.914057434248445,0.0209957812102128,"ODYSSEY"
"69",0.379472178886602,0.045785383070468,0.0246745344894648,0.120450155673605,0.42961774787986,"TOKUGAWA"
"70",0.807054449125661,0.00892353264174791,0.0267340401473674,0.0736721298726484,0.083615848212575,"CENTAUR"
"71",0.0333484871920071,0.818970126972942,0.036729624835177,0.107134313643642,0.00381744735623197,"COSMOS"
"72",0.0451147349949233,0.493593069261677,0.116225894257858,0.320631488000257,0.0244348134852852,"COSMOS"
"73",0.0874451734004667,0.0195666956974248,0.0387234982999909,0.823294556111205,0.030970076490913,"ODYSSEY"
"74",0.852248142148805,0.0100532372218952,0.0231797645875437,0.0636788418516064,0.0508400141901496,"CENTAUR"
"75",0.719373430406695,0.017471543941539,0.0562725870154067,0.0927878750235566,0.114094563612803,"CENTAUR"
"76",0.834546573531085,0.0125231035651343,0.0310431779404987,0.059635675160262,0.0622514698030201,"CENTAUR"
"77",0.328544994304015,0.0884805240171281,0.022510991538899,0.0909712651567178,0.46949222498324,"TOKUGAWA"
"78",0.0392162599624733,0.0524478662243905,0.0175901857857547,0.879017393053013,0.0117282949743682,"ODYSSEY"
"79",0.899891343013096,0.00380674889652646,0.00742071902278336,0.0408756460170485,0.0480055430505451,"CENTAUR"
"80",0.017683042197894,0.115825800151449,0.0508123942771314,0.791564978561666,0.0241137848118596,"ODYSSEY"
"81",0.702271454845655,0.079764640340626,0.0104318372333616,0.105199555615392,0.102332511964966,"CENTAUR"
"82",0.0342591215997277,0.0145007526196699,0.923241892010996,0.0259194879460917,0.00207874582351478,"EBONY"
"83",0.778339551156606,0.00605461519278144,0.0177195174557229,0.0935834936132387,0.104302822581651,"CENTAUR"
"84",0.0345857602827405,0.484634914755103,0.2450322563611,0.227613644458404,0.00813342414265282,"COSMOS"
"85",0.849629017134665,0.0177700748694246,0.0138964131838598,0.0529181675035038,0.0657863273085467,"CENTAUR"
"86",0.0657962854524722,0.0611355911061553,0.0444589206935666,0.796611764134757,0.0319974386130488,"ODYSSEY"
"87",0.0170953329973018,0.277768774418455,0.0346616569507648,0.0882593713316922,0.582214864301786,"TOKUGAWA"
"88",0.06130892698782,0.601666490935669,0.0787792459769436,0.240998124906162,0.0172472111934051,"COSMOS"
"89",0.682398170857032,0.0247550782397797,0.0258937005865984,0.10997990426772,0.15697314604887,"CENTAUR"
"90",0.0620525823679832,0.0501638989068013,0.037980929114404,0.12795608354951,0.721846506061302,"TOKUGAWA"
"91",0.330711327466128,0.0280623360631847,0.0267676580924503,0.135287296269036,0.479171382109201,"TOKUGAWA"
"92",0.748119133234057,0.011414010842708,0.0152586936130938,0.11264504238878,0.112563119921361,"CENTAUR"
"93",0.0462906441851081,0.0162065261311072,0.00973169446825717,0.894826184009551,0.0329449512059769,"ODYSSEY"
"94",0.847186537617293,0.0171979190018919,0.01591393854897,0.0696962963174675,0.0500053085143778,"CENTAUR"
"95",0.236120135535745,0.00750384212301488,0.134446403993954,0.328659525074406,0.29327009327288,"ODYSSEY"
"96",0.774182705713982,0.0189508992839465,0.0283541422438895,0.0893601021116574,0.0891521506465249,"CENTAUR"
"97",0.0154799249725634,0.05846474191117,0.913698518928992,0.0120147796606624,0.000342034526612355,"EBONY"
"98",0.0119856358976193,0.0555179625347603,0.909751732828164,0.0222491361559208,0.000495532583535688,"EBONY"
"99",0.877185495505139,0.00292814690818303,0.0117950752511211,0.06204641999271,0.0460448623428468,"CENTAUR"
"100",0.0742055852026281,0.639941859628898,0.0894438700038639,0.18946950411248,0.00693918105212995,"COSMOS"
"101",0.85495549635126,0.0112333978430695,0.0100223908209797,0.0735216619360289,0.0502670530486613,"CENTAUR"
"102",0.0431226474418344,0.832586195786578,0.0261180148445685,0.085409213473774,0.0127639284532452,"COSMOS"
"103",0.411039207400407,0.0406204134579124,0.0327011120280505,0.0910263816947177,0.424612885418912,"TOKUGAWA"
"104",0.00705763621823762,0.0597915477179811,0.918042735873889,0.0146465005323589,0.000461579657533836,"EBONY"
"105",0.693661228808522,0.00939136050437791,0.0252998561545313,0.144563013026235,0.127084541506333,"CENTAUR"
"106",0.821088161480349,0.00379274578969211,0.0228333759815883,0.0738452573058423,0.0784404594425281,"CENTAUR"
"107",0.0484259012304487,0.705497002587451,0.093209551825534,0.140018917603722,0.0128486267528448,"COSMOS"
"108",0.616058411290444,0.00130817922530542,0.0138890288098598,0.123394965475487,0.245349415198903,"CENTAUR"
"109",0.682616069834098,0.00274165132450184,0.0456093725520651,0.155326800165986,0.113706106123349,"CENTAUR"
"110",0.034109369222458,0.361709787135854,0.326658845114387,0.270085878339022,0.00743612018827901,"COSMOS"
"111",0.283798850279338,0.0186997873835715,0.0207423997122488,0.0968942981495878,0.579864664475254,"TOKUGAWA"
"112",0.0467474418751547,0.786579234421879,0.0505847039878314,0.107560706830919,0.00852791288421575,"COSMOS"
"113",0.0102448154736257,0.890564439252398,0.0389828106633129,0.056855497439552,0.00335243717111068,"COSMOS"
"114",0.759081308742027,0.00461818995853548,0.0142071499832812,0.0631596750382154,0.158933676277941,"CENTAUR"
"115",0.72756094536624,0.00982828721292182,0.00990997910208039,0.121452685496769,0.131248102821989,"CENTAUR"
"116",0.861578841575153,0.00160615269483091,0.00622208265745021,0.0649139697990513,0.0656789532735146,"CENTAUR"
"117",0.896277808883212,0.0208974952399796,0.0156572611506999,0.0272877501551495,0.0398796845709588,"CENTAUR"
"118",0.395294820914878,0.0339311716691427,0.0108823962442955,0.0635516644519442,0.49633994671974,"TOKUGAWA"
"119",0.050732218700024,0.0143955380984305,0.0190057892277548,0.89885025475592,0.0170161992178704,"ODYSSEY"
"120",0.701500347747671,0.00606240186957636,0.0509478492968784,0.128952688645723,0.112536712440152,"CENTAUR"
"121",0.272724741283322,0.0307606407580984,0.0343566847326939,0.0904058111345935,0.571752122091292,"TOKUGAWA"
"122",0.0546206953959667,0.0607205130388559,0.013549083137534,0.849756304445661,0.021353403981982,"ODYSSEY"
"123",0.82423780677425,0.0174853694698289,0.0225142332571066,0.0758104010627031,0.0599521894361116,"CENTAUR"
"124",0.0857689843572454,0.0531383794817253,0.0898902376528541,0.738549932379455,0.03265246612872,"ODYSSEY"
"125",0.053885893934132,0.57786349953052,0.132496153725193,0.216977714813158,0.0187767379969962,"COSMOS"
"126",0.0517038431780861,0.0369026367369042,0.0244680761168971,0.868900725841072,0.0180247181270405,"ODYSSEY"
"127",0.0565547621943028,0.473413854978096,0.222835569140969,0.229963274283642,0.0172325394029906,"COSMOS"
"128",0.572821172878656,0.0155388332790846,0.02150075358339,0.157328330183501,0.232810910075368,"CENTAUR"
"129",0.690102518722857,0.00181401016991735,0.061070736818589,0.143840495870172,0.103172238418465,"CENTAUR"
"130",0.524253102338799,0.00796151596003903,0.0227228369148922,0.32334332672316,0.12171921806311,"CENTAUR"
"131",0.851106319812487,0.00763186402447413,0.0164890153435179,0.0598323277745987,0.0649404730449223,"CENTAUR"
"132",0.0552513979164964,0.711914798794367,0.0859209405398818,0.134934759412249,0.0119781033370062,"COSMOS"
"133",0.799184244512393,0.00499400752905492,0.0209593342727989,0.0865637437042335,0.0882986699815194,"CENTAUR"
"134",0.819627432950912,0.0177132508656919,0.0216902087551866,0.0764467319579688,0.0645223754702404,"CENTAUR"
"135",0.0451260037789643,0.798443795056695,0.0498910429033457,0.0975466417779463,0.00899251648304882,"COSMOS"
"136",0.0866719298107743,0.0641280448070042,0.0401632527191107,0.772385658030869,0.0366511146322414,"ODYSSEY"
"137",0.0587459497665405,0.0597634618353992,0.0449925392078212,0.807046494656259,0.0294515545339799,"ODYSSEY"
"138",0.0474953415930521,0.0141970375891699,0.0237495363294921,0.897603083112317,0.0169550013759687,"ODYSSEY"
"139",0.848729351857747,0.00968524969739724,0.0101837437400129,0.0686527926604863,0.0627488620443569,"CENTAUR"
"140",0.849406350817673,0.00913845122556604,0.0149273665397778,0.0682690466256065,0.0582587847913771,"CENTAUR"
"141",0.489813269878018,0.0336016354821474,0.0356258235462701,0.256617858491536,0.184341412602028,"CENTAUR"
"142",0.0153015372578147,0.0456213612705105,0.918394117564565,0.0200729128464883,0.000610071060621141,"EBONY"
"143",0.764045905246824,0.00712429497545082,0.0382438810846558,0.111433108153425,0.0791528105396437,"CENTAUR"
"144",0.814258137161599,0.0098441846017232,0.0264903332729373,0.0751193587339301,0.0742879862298099,"CENTAUR"
"145",0.0411780023890721,0.0755838373150333,0.0358686704253648,0.828230595521769,0.0191388943487609,"ODYSSEY"
"146",0.0126559824903715,0.0914216358688862,0.871719677367385,0.0237725426698441,0.000430161603512751,"EBONY"
"147",0.737357116055034,0.0166817580295803,0.0241754265846564,0.119708326317423,0.102077373013307,"CENTAUR"
"148",0.652724422438154,0.0199923487909963,0.0274637302430641,0.1702556112472,0.129563887280586,"CENTAUR"
"149",0.00985168069903434,0.0933229599444014,0.879353222004237,0.0171027032078541,0.000369434144472745,"EBONY"
"150",0.571856081938531,0.00707374017890374,0.033627436179546,0.200615996842882,0.186826744860137,"CENTAUR"
"151",0.84151574229374,0.00703036098800638,0.0107704152884747,0.0788222894354391,0.0618611919943397,"CENTAUR"
"152",0.0316698744517589,0.712861974628584,0.0648477411684689,0.178038362235286,0.0125820475159028,"COSMOS"
"153",0.00355192203376175,0.0389078321137762,0.945593475224001,0.011863786025008,8.29846034529178e-05,"EBONY"
"154",0.837431585933763,0.0274413050846683,0.0124308611389494,0.0844173319998105,0.0382789158428091,"CENTAUR"
"155",0.0374477333558562,0.0388381174009835,0.0146715092954615,0.890116361458697,0.018926278489002,"ODYSSEY"
"156",0.685061943198977,0.0108473436792121,0.0552064382354417,0.127407949675763,0.121476325210606,"CENTAUR"
"157",0.28508936755576,0.015219391788815,0.0159597911276876,0.0522920067977247,0.631439442730013,"TOKUGAWA"
"158",0.104806143819282,0.620817487798817,0.101737946529848,0.152427513176534,0.0202109086755191,"COSMOS"
"159",0.17167741009797,0.0400451765709203,0.0406905250205938,0.138734584029378,0.608852304281138,"TOKUGAWA"
"160",0.761840366585079,0.0287617582855724,0.0304566130507767,0.0936590631425083,0.0852821989360639,"CENTAUR"
"161",0.0310534588550098,0.00737442003339332,0.00881983189700648,0.923057424489029,0.0296948647255613,"ODYSSEY"
"162",0.0118473785788498,0.925092828391466,0.0225446897536453,0.0360656722807282,0.00444943099531058,"COSMOS"
"163",0.763782795042131,0.0034849033988072,0.0140240404886539,0.118095016115258,0.10061324495515,"CENTAUR"
"164",0.0705263835498935,0.0681520408260492,0.0348862535422228,0.807297607977789,0.0191377141040453,"ODYSSEY"
"165",0.0552995019951044,0.163777421722801,0.0193836511784863,0.72133422085589,0.0402052042477186,"ODYSSEY"
"166",0.0122085197481122,0.033089134760453,0.937297096951231,0.0168776651649751,0.000527583375228734,"EBONY"
"167",0.557965407372084,0.0117913609516673,0.0571050992963133,0.16136867742725,0.211769454952686,"CENTAUR"
"168",0.0470662211726168,0.627159374395958,0.0971708471358617,0.2116303279716,0.0169732293239629,"COSMOS"
"169",0.855424661114789,0.0115285657247447,0.014805806506335,0.0484743570154504,0.0697666096386809,"CENTAUR"
"170",0.0999006104246413,0.0056393903848208,0.0499984417791105,0.796611631540359,0.0478499258710683,"ODYSSEY"
"171",0.797422876556397,0.0240866876461829,0.0191767376495661,0.0964072451033454,0.0629064530445081,"CENTAUR"
"172",0.81940419751965,0.00732793683859735,0.0218995931840659,0.105829043596759,0.0455392288609274,"CENTAUR"
"173",0.034294464709717,0.804286877806243,0.0757223088764374,0.0785933852117687,0.00710296339583376,"COSMOS"
"174",0.833492189675673,0.0110333389249384,0.0104526060247126,0.057171233480856,0.0878506318938203,"CENTAUR"
"175",0.0635173476356203,0.0691853697443033,0.0425532440646276,0.794937355312556,0.0298066832428925,"ODYSSEY"
"176",0.0716932368450896,0.70987400672621,0.053333858829847,0.151022995342948,0.0140759022559061,"COSMOS"
"177",0.0434137746755133,0.0194068267462662,0.0348759504347623,0.880626925614415,0.0216765225290436,"ODYSSEY"
"178",0.316323205023944,0.0307270991827653,0.116880898497262,0.290595330132561,0.245473467163468,"CENTAUR"
"179",0.0281012698797786,0.0265619822376275,0.0282707956685985,0.888408634109558,0.0286573181044372,"ODYSSEY"
"180",0.768912748751343,0.00738904268139758,0.0484283240057099,0.0692592972671125,0.106010587294437,"CENTAUR"
"181",0.0456268213136113,0.806820282718156,0.0538178623467125,0.084208038474007,0.00952699514751307,"COSMOS"
"182",0.192504383577681,0.0508474237496788,0.0171092493330793,0.160592560211521,0.578946383128039,"TOKUGAWA"
"183",0.0866062133722006,0.490337966629012,0.144880530477456,0.248519792010296,0.0296554975110357,"COSMOS"
"184",0.794116651715673,0.00963020988797645,0.0164312479270611,0.0534214826418992,0.12640040782739,"CENTAUR"
"185",0.0403525842992017,0.751047461746733,0.090668520907796,0.106918061265809,0.0110133717804611,"COSMOS"
"186",0.847742716851967,0.00477370248872833,0.0139589336904365,0.078632795101106,0.0548918518677622,"CENTAUR"
"187",0.0478472435057604,0.105992804221642,0.0224055269850465,0.811294703233086,0.0124597220544653,"ODYSSEY"
"188",0.0585604014761401,0.0846337852199089,0.0142901258423689,0.820858653269818,0.0216570341917642,"ODYSSEY"
"189",0.707527354014347,0.00675479200570038,0.0120032070751749,0.163927656928879,0.109786989975899,"CENTAUR"
"190",0.0670513270627914,0.474542614684424,0.147557824067917,0.283298747059564,0.0275494871253028,"COSMOS"
"191",0.841524395261019,0.00554394188543509,0.0276351992006395,0.0550742964476249,0.0702221672052819,"CENTAUR"
"192",0.808683958403835,0.0038956684656179,0.0430965089530086,0.104377975104041,0.0399458890734979,"CENTAUR"
"193",0.108978899564138,0.0540319876888916,0.0569606797380416,0.745420757553729,0.034607675455199,"ODYSSEY"
"194",0.0521345404413954,0.0573878912731205,0.0251103335541887,0.818899893788774,0.0464673409425214,"ODYSSEY"
"195",0.082129260424472,0.711603973732275,0.0717071534955394,0.121793995329048,0.0127656170186656,"COSMOS"
"196",0.767628118317444,0.0115601960333828,0.00616137712183882,0.100019240074382,0.114631068452951,"CENTAUR"
"197",0.855360670430843,0.0169245211200754,0.0138075728101494,0.053591401025852,0.0603158346130802,"CENTAUR"
"198",0.681467250494051,0.00195006004935326,0.0236199541743907,0.114199540452012,0.178763194830194,"CENTAUR"
"199",0.890249135119863,0.0255916640349626,0.00292605570389976,0.0507737051603872,0.0304594399808875,"CENTAUR"
"200",0.0558568609491877,0.00940064829589097,0.0638179762397263,0.839786794472471,0.031137720042724,"ODYSSEY"
"201",0.00841190994719716,0.166536384888311,0.79686214008863,0.0275885428059706,0.00060102226989191,"EBONY"
"202",0.0229776935865695,0.0831288366965414,0.875070841928537,0.0181276470386754,0.000694980749677096,"EBONY"
"203",0.675526566351962,0.00843073600719234,0.0444885887973335,0.180560109533539,0.0909939993099725,"CENTAUR"
"204",0.87673609531748,0.0111986000080991,0.0103358694504605,0.0636311253451074,0.0380983098788534,"CENTAUR"
"205",0.0540510359231199,0.0640026498741943,0.023305279182318,0.815271085177107,0.0433699498432606,"ODYSSEY"
"206",0.0770006978627791,0.0537977854144472,0.0577109344714454,0.785571198854345,0.025919383396983,"ODYSSEY"
"207",0.0427472835853653,0.574041600636537,0.154689573110128,0.205808446083599,0.022713096584371,"COSMOS"
"208",0.0296047285371454,0.00563588925201198,0.0146737343377235,0.928129222236378,0.0219564256367414,"ODYSSEY"
"209",0.00605103085389268,0.0102872513619435,0.0699900355129721,0.909964628850087,0.00370705342110498,"ODYSSEY"
"210",0.0449083419709144,0.0418938582331065,0.0407127735001942,0.841672649928552,0.0308123763672328,"ODYSSEY"
"211",0.841168172383166,0.00941605498489212,0.0118817913931337,0.0796050464152222,0.0579289348235862,"CENTAUR"
"212",0.0514972970588536,0.607018191530542,0.152016722241118,0.177737323826211,0.0117304653432754,"COSMOS"
"213",0.832959507688547,0.0205054217584215,0.0199243655280189,0.0685793651424703,0.0580313398825421,"CENTAUR"
"214",0.833917458092342,0.00229762575337087,0.0246618956467624,0.0674064153468043,0.0717166051607206,"CENTAUR"
"215",0.823181784952717,0.00512577839553476,0.0288005759346767,0.0854460093176676,0.0574458513994034,"CENTAUR"
"216",0.044180251886869,0.0572531295504559,0.0282062609069026,0.821238665212951,0.0491216924428217,"ODYSSEY"
"217",0.0643116943813002,0.777683353760205,0.0400485218373379,0.0921993296849444,0.0257571003362129,"COSMOS"
"218",0.0563752328215412,0.015101420603121,0.0480282622728106,0.83636040268995,0.0441346816125775,"ODYSSEY"
"219",0.0480078166887102,0.825127149354756,0.0433961259123477,0.0741386708882103,0.00933023715597575,"COSMOS"
"220",0.062412195189278,0.0276938842927679,0.0210555314312961,0.865698841607376,0.0231395474792826,"ODYSSEY"
"221",0.0361831739003323,0.0686649229216084,0.874484380441756,0.0199764923364796,0.000691030399823559,"EBONY"
"222",0.0975956366324266,0.0130322532226586,0.0195863757509191,0.836605726346945,0.0331800080470509,"ODYSSEY"
"223",0.0364998045294736,0.840642454424361,0.037861424013919,0.0792576621066488,0.00573865492559746,"COSMOS"
"224",0.0712602065430416,0.702324438652242,0.0796192709155333,0.13709802634296,0.00969805754622328,"COSMOS"
"225",0.101732249363992,0.723393268225218,0.0221583442196658,0.135187057946458,0.0175290802446665,"COSMOS"
"226",0.0771924335808566,0.0213097365538951,0.0560934354313427,0.800933972549163,0.0444704218847423,"ODYSSEY"
"227",0.793662933518234,0.00548903763270175,0.0170408692517469,0.125435577975678,0.0583715816216388,"CENTAUR"
"228",0.0774406887587279,0.0511346655734901,0.0383379577149194,0.781672114436644,0.0514145735162183,"ODYSSEY"
"229",0.0412682904990796,0.0749573145585301,0.0198211601799001,0.832767413296423,0.0311858214660668,"ODYSSEY"
"230",0.0194809350157518,0.0787166609339702,0.853877387987059,0.0468733528286216,0.00105166323459774,"EBONY"
"231",0.12117563127081,0.689459233859016,0.0734445475470869,0.10376873344633,0.0121518538767569,"COSMOS"
"232",0.056092998235014,0.0196573715626431,0.0261463182047424,0.881667769118946,0.0164355428786547,"ODYSSEY"
"233",0.801162315891237,0.0109198157552355,0.0178311167737753,0.10497966370993,0.065107087869822,"CENTAUR"
"234",0.805048831036296,0.0158541722967879,0.0279985302699228,0.105311886155099,0.0457865802418944,"CENTAUR"
"235",0.323019702403892,0.0376999338983601,0.0236036663674509,0.149967179715059,0.465709517615238,"TOKUGAWA"
"236",0.0472793161763256,0.0875643235036652,0.0239848633111499,0.820564084526679,0.0206074124821799,"ODYSSEY"
"237",0.0554193015204237,0.822075635883098,0.0326171751670883,0.082727773344383,0.00716011408500758,"COSMOS"
"238",0.00818868210422303,0.0389556855224322,0.939475176726879,0.0128162863280241,0.000564169318441497,"EBONY"
"239",0.0217315437584018,0.0216556034971269,0.0320381162770484,0.891685963747719,0.0328887727197045,"ODYSSEY"
"240",0.778294698375254,0.00690986264016777,0.0125408495793164,0.0982852713518055,0.103969318053457,"CENTAUR"
"241",0.0594890346293818,0.0209995717540385,0.0245460565064982,0.856346331644155,0.0386190054659263,"ODYSSEY"
"242",0.0898200846839552,0.0162342256827795,0.046578542097277,0.818822838655315,0.0285443088806729,"ODYSSEY"
"243",0.018249690643515,0.62460855812311,0.186483409017618,0.149794762179388,0.0208635800363691,"COSMOS"
"244",0.15270273793135,0.0122936434425087,0.0583724596971187,0.244825776140715,0.531805382788308,"TOKUGAWA"
"245",0.156327999235897,0.0362570382786638,0.0346152138589683,0.706694835841633,0.0661049127848384,"ODYSSEY"
"246",0.849888845083802,0.0177787670049029,0.013598270992265,0.0623059160278625,0.0564282008911673,"CENTAUR"
"247",0.838884877090799,0.00722381894064012,0.0026897701616935,0.0723171689757987,0.0788843648310691,"CENTAUR"
"248",0.0282819359087192,0.0685502528614953,0.872552962817607,0.0281469691974979,0.00246787921468095,"EBONY"
"249",0.847294634651939,0.00625517355276493,0.0201115037207055,0.0884887974042882,0.0378498906703022,"CENTAUR"
"250",0.489047508546739,0.00523155495056851,0.015443033554556,0.0942539470740057,0.39602395587413,"CENTAUR"
"251",0.0193772312765283,0.842002141954844,0.0525684995989525,0.0827363812803902,0.00331574588928476,"COSMOS"
"252",0.0151608338203593,0.0671986502153056,0.901691943673952,0.0153742456785609,0.00057432661182231,"EBONY"
"253",0.789396921515134,0.0105134118191064,0.027606046983997,0.105591881711335,0.0668917379704273,"CENTAUR"
"254",0.0249470392102201,0.851970863765694,0.0571005855882649,0.0605464963697894,0.00543501506603161,"COSMOS"
"255",0.415001813706733,0.0119897799390014,0.0148470526841284,0.0843476433601815,0.473813710309956,"TOKUGAWA"
"256",0.863562436193858,0.0301236248247591,0.0114439925430089,0.03819053683347,0.0566794096049038,"CENTAUR"
"257",0.887359624920394,0.0157507371268032,0.00980195530889293,0.0507607934443293,0.0363268891995801,"CENTAUR"
"258",0.117999762305819,0.00944370866902736,0.0497660105210819,0.0874308380340458,0.735359680470025,"TOKUGAWA"
"259",0.0251136303235428,0.0235107824408355,0.0307447509614171,0.901029735994995,0.0196011002792094,"ODYSSEY"
"260",0.766479378603533,0.0245448038044658,0.0211352991161693,0.0867420974457722,0.101098421030059,"CENTAUR"
"261",0.860329911526782,0.00515319739627814,0.00616260151034733,0.0526295145043475,0.0757247750622452,"CENTAUR"
"262",0.821402236528081,0.0046863300752264,0.00924393172751256,0.0417012315150757,0.122966270154104,"CENTAUR"
"263",0.23984939185243,0.311871857873902,0.00298026328190194,0.0700613260376226,0.375237160954143,"TOKUGAWA"
"264",0.646824902523833,0.00701786415264622,0.0423932398187615,0.170900653893511,0.132863339611248,"CENTAUR"
"265",0.281918923618465,0.0397589722183623,0.0418535160891575,0.10293831044332,0.533530277630695,"TOKUGAWA"
"266",0.817441716511802,0.00106433706779688,0.0354983224028848,0.0820913414676433,0.0639042825498734,"CENTAUR"
"267",0.815074328152711,0.0299035101552948,0.0169941283321928,0.0788184385761981,0.0592095947836029,"CENTAUR"
"268",0.0667860701673754,0.500429816609717,0.252807786136567,0.169953288682982,0.0100230384033587,"COSMOS"
"269",0.843500500832303,0.00483339371376459,0.0322397774543324,0.0526997552333099,0.0667265727662903,"CENTAUR"
"270",0.0563800838422538,0.724384386045859,0.103982127467115,0.106373775495106,0.0088796271496666,"COSMOS"
"271",0.0479010336078894,0.076405079411553,0.0339462323514717,0.806384302116115,0.0353633525129709,"ODYSSEY"
"272",0.75154812319877,0.00368349299181687,0.0345036667869772,0.103450645315318,0.106814071707118,"CENTAUR"
"273",0.428753957734256,0.0436646751258405,0.0170040185966935,0.142313425697197,0.368263922846013,"CENTAUR"
"274",0.0566067985003659,0.0343491889781824,0.0409875346013344,0.842568812550302,0.0254876653698152,"ODYSSEY"
"275",0.815749965969976,0.0378008494692767,0.00637012631840457,0.0545790317011213,0.0855000265412211,"CENTAUR"
"276",0.0395842061282102,0.698104131837378,0.137015818136667,0.116284437670112,0.00901140622763238,"COSMOS"
"277",0.155451238153064,0.0187594248102146,0.018692202658379,0.0855706289566637,0.721526505421678,"TOKUGAWA"
"278",0.0202788102916574,0.0862238099975825,0.873207548745211,0.0196430397651468,0.00064679120040238,"EBONY"
"279",0.790431970807116,0.0259674373118987,0.0210277034934265,0.0626339400030564,0.099938948384502,"CENTAUR"
"280",0.786432153716917,0.0097700325998791,0.0281479565879809,0.0875249478967104,0.0881249091985127,"CENTAUR"
"281",0.862772191253443,0.0133880895880079,0.0235625043582425,0.0467253999698015,0.0535518148305051,"CENTAUR"
"282",0.325984411950313,0.0317501452898081,0.0186953854396407,0.102780481107592,0.520789576212646,"TOKUGAWA"
"283",0.324711369935316,0.0504013986850179,0.0198853079251722,0.180693009594101,0.424308913860393,"TOKUGAWA"
"284",0.0600696936637162,0.0397793855172062,0.0244973429173083,0.855480087322439,0.0201734905793305,"ODYSSEY"
"285",0.0366489863621883,0.727252420527636,0.10750404321964,0.122252122803002,0.00634242708753343,"COSMOS"
"286",0.0453150726947262,0.757295846441719,0.104033919220309,0.0873135661741232,0.00604159546912272,"COSMOS"
"287",0.0549357633354223,0.0266262231035795,0.0457494114354802,0.850232204276396,0.0224563978491223,"ODYSSEY"
"288",0.0140233148863511,0.053625182235446,0.914070389262458,0.017698522770879,0.000582590844866255,"EBONY"
"289",0.0670879625562375,0.806119034447015,0.01313007435818,0.104220717416406,0.00944221122216059,"COSMOS"
"290",0.0424388882517508,0.0804403075707594,0.022448451606122,0.829648061829241,0.0250242907421266,"ODYSSEY"
"291",0.0776895727551642,0.0568416355911747,0.0306604682043539,0.810202644250738,0.0246056791985691,"ODYSSEY"
"292",0.815080092866793,0.0140750281922158,0.0326209448683363,0.0639949360358688,0.0742289980367861,"CENTAUR"
"293",0.017754519267391,0.0661669200456178,0.900978216244078,0.0145893837438337,0.00051096069907919,"EBONY"
"294",0.053584013924029,0.644612653658587,0.0590215204174955,0.209006030148139,0.0337757818517496,"COSMOS"
"295",0.0544489228423378,0.189009639556328,0.0215004505576441,0.717208049243388,0.0178329378003021,"ODYSSEY"
"296",0.809574965675585,0.00390536665122531,0.00918785909467321,0.0543979468622723,0.122933861716244,"CENTAUR"
"297",0.114093345322302,0.389256106970588,0.186879887975583,0.275301641201753,0.0344690185297743,"COSMOS"
"298",0.763420131779337,0.00292398198835456,0.016242924438879,0.100254477909493,0.117158483883937,"CENTAUR"
"299",0.121760546896983,0.100661481758929,0.00556697250235759,0.753078901770651,0.0189320970710793,"ODYSSEY"
"300",0.0810014667924676,0.0219804896211822,0.0737383061692232,0.797190090126541,0.0260896472905861,"ODYSSEY"
"301",0.696662609347186,0.0418331639400559,0.0333964444213686,0.15214139847259,0.0759663838187996,"CENTAUR"
"302",0.0279280139406727,0.844372124403838,0.0375118290503975,0.0842522492505084,0.00593578335458401,"COSMOS"
"303",0.47216992780541,0.0179091872929501,0.0425095917790891,0.247456483001829,0.219954810120722,"CENTAUR"
"304",0.00874678771478772,0.0533857412201377,0.925072531562921,0.012456753561558,0.000338185940594952,"EBONY"
"305",0.403852787457737,0.0215373308207731,0.00853507505642838,0.106327574394138,0.459747232270924,"TOKUGAWA"
"306",0.0179254440635882,0.815988033037384,0.0657871226019792,0.0931523400345642,0.00714706026248472,"COSMOS"
"307",0.00567267890275523,0.127392990427407,0.0210002680812815,0.819935938320849,0.0259981242677072,"ODYSSEY"
"308",0.297107527779698,0.0196071683824359,0.0155397516728001,0.057046693574679,0.610698858590387,"TOKUGAWA"
"309",0.0275050324256935,0.0778385294690623,0.0346256126567995,0.83868016472275,0.0213506607256949,"ODYSSEY"
"310",0.891621147879509,0.00620392206627208,0.0178533947705189,0.034263537649053,0.0500579976346472,"CENTAUR"
"311",0.831232691823341,0.00693806771784508,0.0217081717836135,0.0418379813608901,0.0982830873143104,"CENTAUR"
"312",0.902680923626234,0.0104310061760082,0.0100298929611321,0.0394188977372543,0.0374392794993713,"CENTAUR"
"313",0.450807236117389,0.0198476984187251,0.029599687533372,0.104112580772092,0.395632797158422,"CENTAUR"
"314",0.75989581531862,0.00779464847126457,0.0268579176437029,0.069944102523231,0.135507516043182,"CENTAUR"
"315",0.010433011247241,0.0514083568830945,0.927051719829052,0.0108421718619857,0.000264740178626725,"EBONY"
"316",0.572242400433723,0.0270755863421377,0.0530305845715423,0.238296180792318,0.109355247860279,"CENTAUR"
"317",0.0741232541635093,0.205231430843036,0.248579339702466,0.397558095698151,0.0745078795928374,"ODYSSEY"
"318",0.069612393945594,0.0464342969120199,0.0358697004633801,0.825337154280961,0.0227464543980452,"ODYSSEY"
"319",0.0457816884618976,0.011519976278916,0.0112929322719884,0.895123159089652,0.0362822438975456,"ODYSSEY"
"320",0.0654259481083738,0.0248730571979819,0.0530104873587176,0.815605305504891,0.041085201830036,"ODYSSEY"
"321",0.0124345945510173,0.116275138493489,0.846022518740821,0.0246826597352986,0.000585088479374409,"EBONY"
"322",0.04720822025067,0.05255010018648,0.0389356312002393,0.842080884738927,0.0192251636236839,"ODYSSEY"
"323",0.0669721444179974,0.641042179808058,0.144531721697462,0.130708154247879,0.0167457998286037,"COSMOS"
"324",0.834747722090102,0.00531310989728239,0.0190290213245933,0.0607743879045077,0.0801357587835146,"CENTAUR"
"325",0.845693763388643,0.00903327990200319,0.00833251588570517,0.0409475805344762,0.0959928602891724,"CENTAUR"
"326",0.0389123527730578,0.040102309271167,0.0177970521841331,0.881023234454699,0.0221650513169436,"ODYSSEY"
"327",0.83281952448396,0.018383566065909,0.023077798206634,0.061471059849926,0.0642480513935707,"CENTAUR"
"328",0.045625406371354,0.83409703188655,0.0390311798952068,0.0736851630580848,0.00756121878880409,"COSMOS"
"329",0.660064805523112,0.0195830754521076,0.0507994037781735,0.159295345174465,0.110257370072142,"CENTAUR"
"330",0.0726668053432177,0.00972627612119811,0.0594933875357503,0.832963946978328,0.0251495840215056,"ODYSSEY"
"331",0.0886951529445965,0.066145924297395,0.0429210449724766,0.770449957943395,0.0317879198421367,"ODYSSEY"
"332",0.296836950126776,0.00909726011397963,0.0171748784536219,0.104828449315772,0.57206246198985,"TOKUGAWA"
"333",0.729970234063421,0.0131544169030653,0.0191857679479896,0.14711992668313,0.0905696544023938,"CENTAUR"
"334",0.0885831727198623,0.0144986158382458,0.0368911612461588,0.81392237315153,0.0461046770442029,"ODYSSEY"
"335",0.0493381460983844,0.032614639250853,0.0255592821842187,0.875018799581544,0.017469132885,"ODYSSEY"
"336",0.822276594716457,0.010668948055421,0.0320570892649165,0.0739137639360095,0.0610836040271955,"CENTAUR"
"337",0.0873936051767068,0.0849982454503311,0.0505805001417165,0.75315639600589,0.0238712532253558,"ODYSSEY"
"338",0.0382632503770213,0.0246232897258148,0.0303768888858108,0.882307294338705,0.0244292766726484,"ODYSSEY"
"339",0.86943459937567,0.00359181512410581,0.00912279107615514,0.0581048760267582,0.0597459183973108,"CENTAUR"
"340",0.0339380227216423,0.00731646664474962,0.0205328592216434,0.908921509898904,0.0292911415130609,"ODYSSEY"
"341",0.061440421060448,0.022904863051956,0.010513234351987,0.880136506869392,0.0250049746662173,"ODYSSEY"
"342",0.0125976338535754,0.0942887466328711,0.875401106644356,0.0172761621896184,0.000436350679579514,"EBONY"
"343",0.0610705759633499,0.0721289029731711,0.0228592639156338,0.822757987535868,0.0211832696119767,"ODYSSEY"
"344",0.0224222516262972,0.0229050273249635,0.0265126054902542,0.915792000886198,0.012368114672287,"ODYSSEY"
"345",0.0204493134962983,0.0203561372978951,0.0802455773474184,0.852274443347206,0.0266745285111823,"ODYSSEY"
"346",0.673050794236041,0.00598742242107282,0.0253232979872115,0.146610274209079,0.149028211146596,"CENTAUR"
"347",0.0332121996542336,0.120105496794536,0.81768888491339,0.0280998744257462,0.000893544212094386,"EBONY"
"348",0.824577366338602,0.0243999295024717,0.0152618879159702,0.0756393468803322,0.0601214693626237,"CENTAUR"
"349",0.7416090243638,0.00215743158205704,0.0300930679891361,0.0932254192788294,0.132915056786177,"CENTAUR"
"350",0.0695235525760948,0.534437151199185,0.0506227934798135,0.316364975513832,0.029051527231075,"COSMOS"
"351",0.0612666059491854,0.0514434694127454,0.0327928482532156,0.82462929936762,0.029867777017234,"ODYSSEY"
"352",0.714419856425792,0.00979375062079633,0.0505498564449595,0.131200485049046,0.0940360514594061,"CENTAUR"
"353",0.11299216147684,0.325753783768674,0.0564286561306644,0.449950277465086,0.0548751211587354,"ODYSSEY"
"354",0.47928787229214,0.045277077797912,0.0217733712819701,0.0655794586405947,0.388082219987383,"CENTAUR"
"355",0.696410834001707,0.12284139543549,0.00512827809933174,0.0970148177976957,0.0786046746657759,"CENTAUR"
"356",0.00649289260236148,0.0248441630036083,0.960702788598519,0.0077178341354543,0.000242321660056462,"EBONY"
"357",0.822146560091595,0.00210301149246701,0.011257628509617,0.0685454855613164,0.0959473143450048,"CENTAUR"
"358",0.0102689293036633,0.0910620697862575,0.877880680556979,0.0202126562730626,0.000575664080037751,"EBONY"
"359",0.0142427912084567,0.836728558338476,0.0565984912187487,0.0832235894311666,0.00920656980315211,"COSMOS"
"360",0.754819270666595,0.00974543971607464,0.0290231959314708,0.083494674148467,0.122917419537392,"CENTAUR"
"361",0.788400009721096,0.0128354090535871,0.0146642072711586,0.0505425990897776,0.133557774864381,"CENTAUR"
"362",0.795167861662633,0.0242852081902715,0.0356436334524651,0.0702584141381512,0.0746448825564791,"CENTAUR"
"363",0.0292343299108505,0.688148853079917,0.0906681254684991,0.174594973019409,0.0173537185213246,"COSMOS"
"364",0.0556901306970115,0.0869991823910272,0.0153273000149778,0.824887939302762,0.017095447594222,"ODYSSEY"
"365",0.0098051410120043,0.074200029596412,0.892385674690349,0.022757860758189,0.000851293943045663,"EBONY"
"366",0.82700487431939,0.0172020725667992,0.0252367873134435,0.0623034917908089,0.0682527740095581,"CENTAUR"
"367",0.767474427020743,0.00643767419322488,0.0437051872166412,0.096556651511847,0.0858260600575444,"CENTAUR"
