"CENTAUR","COSMOS","EBONY","ODYSSEY","TOKUGAWA","FinalVote"
"1",0.144480839161715,0.108292936892563,0.0312528639871972,0.278894815270817,0.437078544687708,"TOKUGAWA"
"2",0.67372039283706,0.096349353637325,0.0324014929283649,0.0701197091037143,0.127409051493536,"CENTAUR"
"3",0.837462140442161,0.0301331222969598,0.0106973483838236,0.0617178425981596,0.0599895462788966,"CENTAUR"
"4",0.243254121459119,0.00418424394719525,0.00133995604615676,0.403755960216362,0.347465718331168,"ODYSSEY"
"5",0.0586484736535138,0.06430431459042,0.0159962759581344,0.834631032155074,0.0264199036428584,"ODYSSEY"
"6",0.130320905402264,0.0612803441146001,0.0332607761499785,0.0597563823390309,0.715381591994126,"TOKUGAWA"
"7",0.3236853643468,0.117916267932895,0.0302773607737047,0.457909050763586,0.0702119561830145,"ODYSSEY"
"8",0.839842474334283,0.031128124147684,0.0107839426961587,0.0538330923531539,0.0644123664687202,"CENTAUR"
"9",0.00151180033256394,0.934825377612483,0.0345315493619266,0.0259450062498168,0.00318626644320967,"COSMOS"
"10",0.87908073101729,0.0218209181257264,0.00793187928240766,0.0284609596878953,0.0627055118866802,"CENTAUR"
"11",0.712533297215033,0.0872117025899155,0.0267023926785924,0.101645719795702,0.0719068877207576,"CENTAUR"
"12",0.304252194461514,0.0669117937255255,0.0212855240007704,0.164719120196875,0.442831367615315,"TOKUGAWA"
"13",0.00907816863923898,0.151527814052782,0.788801405522138,0.0390741922722737,0.0115184195135674,"EBONY"
"14",0.0267519704183906,0.0734234755253868,0.0171687856458246,0.862824403302209,0.0198313651081888,"ODYSSEY"
"15",0.837653078868029,0.0278234214789256,0.00904010921169779,0.0565390971500921,0.0689442932912557,"CENTAUR"
"16",0.0222388781000718,0.829938259566571,0.0415318175902274,0.0914060868737918,0.014884957869338,"COSMOS"
"17",0.835345826993378,0.031988377191841,0.0107005217089303,0.0716202796326535,0.0503449944731976,"CENTAUR"
"18",0.0537620654338907,0.054410239974654,0.015280417715015,0.856204078579201,0.0203431982972392,"ODYSSEY"
"19",0.00572935768026919,0.161874964375835,0.768297466177492,0.0551974440020569,0.00890076776434633,"EBONY"
"20",0.0341053790669364,0.101904148105653,0.0245933511579251,0.817692600924775,0.0217045207447105,"ODYSSEY"
"21",0.756220072012363,0.0592080127542612,0.0210070315933917,0.0779664022425365,0.0855984813974471,"CENTAUR"
"22",0.0146571756835709,0.161578367851326,0.0248788159410592,0.771736898643105,0.0271487418809394,"ODYSSEY"
"23",0.816855011133979,0.034781814638465,0.0102949847168632,0.0840023980437975,0.0540657914668956,"CENTAUR"
"24",0.0785231410206128,0.0519732211790138,0.0156293270268737,0.820123000205358,0.0337513105681419,"ODYSSEY"
"25",0.289270867674859,0.0854793799743237,0.0330689293478768,0.145537226388734,0.446643596614207,"TOKUGAWA"
"26",0.00471004495896129,0.938150227821341,0.0431598581121162,0.00842254296051802,0.00555732614706295,"COSMOS"
"27",0.0159605220307965,0.042660186784613,0.0107328677359153,0.920165751739188,0.0104806717094875,"ODYSSEY"
"28",0.030997595745771,0.845223989104234,0.0458884840618371,0.0595469230741982,0.0183430080139599,"COSMOS"
"29",0.311956151202844,0.0670355658427798,0.0212715671700327,0.138524830049308,0.461211885735036,"TOKUGAWA"
"30",0.0348623815600735,0.831900744004221,0.0496787980854087,0.0678260996912702,0.0157319766590262,"COSMOS"
"31",0.821980231384982,0.0378618579841906,0.0115259520741796,0.0712226087529781,0.0574093498036698,"CENTAUR"
"32",0.833338897134918,0.033631438771356,0.0107733539637736,0.0632507174174625,0.0590055927124901,"CENTAUR"
"33",0.0594543800044392,0.101835335670235,0.0272136244071049,0.785906538008119,0.0255901219101017,"ODYSSEY"
"34",0.0392651560811897,0.227932869772036,0.0491565336056069,0.654381849193205,0.0292635913479631,"ODYSSEY"
"35",0.158423899126203,0.0886720105323441,0.0269196994094896,0.6873973224418,0.0385870684901641,"ODYSSEY"
"36",0.823332947879968,0.0193927957099348,0.00828005050128163,0.0538367945823751,0.0951574113264407,"CENTAUR"
"37",0.644156581509469,0.0841982289759351,0.0268890459408471,0.115937506896619,0.128818636677131,"CENTAUR"
"38",0.00702010673756083,0.142456129156577,0.806088384289748,0.0349267124821234,0.00950866733398999,"EBONY"
"39",0.0643443634960147,0.100489733540515,0.0276377757393803,0.78027452731204,0.0272535999120501,"ODYSSEY"
"40",0.0261964309698866,0.834894482295983,0.0475093890652563,0.073467461911727,0.0179322357571475,"COSMOS"
"41",0.0228307115025185,0.797996656270677,0.046400608921848,0.112833025565711,0.0199389977392452,"COSMOS"
"42",0.770858235531084,0.0532033646670997,0.0166045644503722,0.0746635150933884,0.0846703202580558,"CENTAUR"
"43",0.246568808238157,0.067387290436717,0.020109250345892,0.15296257445872,0.512972076520513,"TOKUGAWA"
"44",0.835110339287274,0.0315802947878727,0.0110468932555114,0.0642853011488121,0.0579771715205302,"CENTAUR"
"45",0.750172421403152,0.0295134611872567,0.0143371124963561,0.0394404536050924,0.166536551308142,"CENTAUR"
"46",0.0737504469098663,0.712840956214122,0.0459358178396615,0.142061122664347,0.0254116563720033,"COSMOS"
"47",0.82035461012147,0.0374330413389403,0.0107385986566871,0.0754262010499482,0.0560475488329545,"CENTAUR"
"48",0.0232432913867115,0.868287555654121,0.0517041402983048,0.0398949056411264,0.0168701070197359,"COSMOS"
"49",0.758254725378583,0.0562908792328841,0.0167284235599627,0.0795488813877759,0.0891770904407942,"CENTAUR"
"50",0.0322094457014244,0.833565270984822,0.0530866471312791,0.0654995490384358,0.0156390871440383,"COSMOS"
"51",0.0411644133988885,0.80569435553312,0.0558046923327696,0.0761003289222481,0.0212362098129737,"COSMOS"
"52",0.806170084481056,0.0321593269382775,0.0109546308872127,0.0659521160159837,0.0847638416774703,"CENTAUR"
"53",0.179512710828918,0.115816820313215,0.0336712288578975,0.163322869841213,0.507676370158757,"TOKUGAWA"
"54",0.0171522475853337,0.125673606795061,0.798785175585763,0.0449965804352778,0.0133923895985649,"EBONY"
"55",0.319267643865882,0.0646376360088036,0.0214343088141391,0.160000180472391,0.434660230838785,"TOKUGAWA"
"56",0.164937212880267,0.0811605023141628,0.0262465287854916,0.694315593176598,0.0333401628434802,"ODYSSEY"
"57",0.814097724470588,0.044609154131918,0.0164196187001045,0.0600462155546409,0.0648272871427482,"CENTAUR"
"58",0.0659172395424994,0.0784810039870451,0.0201641125996773,0.814833525170498,0.0206041187002801,"ODYSSEY"
"59",0.0453739811851241,0.0982610026413661,0.0286245962635009,0.803066235273283,0.0246741846367257,"ODYSSEY"
"60",0.02424272474736,0.0814439439198669,0.0208052730525111,0.859214525000195,0.0142935332800664,"ODYSSEY"
"61",0.0428472440479375,0.841272232009692,0.0493637018921953,0.0480857166309809,0.0184311054191945,"COSMOS"
"62",0.000418292702415933,0.963302257857429,0.0318672487938987,0.00342902995529709,0.000983170690959093,"COSMOS"
"63",0.0024388751346023,0.9369729905065,0.038171437184266,0.0171113679566357,0.00530532921799647,"COSMOS"
"64",0.00893761725284317,0.0232908271808278,0.00568934264214128,0.956349076756983,0.00573313616720491,"ODYSSEY"
"65",0.746228817370868,0.0586546068525772,0.0188109835734929,0.084878655411048,0.0914269367920141,"CENTAUR"
"66",0.0762518048898856,0.139078631853607,0.0369374264444265,0.705601070508712,0.0421310663033686,"ODYSSEY"
"67",0.0419234973811403,0.7852705194915,0.0529486652524417,0.0964411122836159,0.0234162055913016,"COSMOS"
"68",0.103226820433017,0.0672866768832862,0.0204106359631441,0.770744339101053,0.0383315276194997,"ODYSSEY"
"69",0.328943539682739,0.0570886434261148,0.0183730956737501,0.087536044327615,0.508058676889781,"TOKUGAWA"
"70",0.755034394111859,0.0574081846988004,0.0198130373788814,0.0775534718189729,0.0901909119914861,"CENTAUR"
"71",0.0054090189941152,0.933155363176198,0.0436376329837839,0.0116959640531526,0.00610202079274967,"COSMOS"
"72",0.000529242865704242,0.964314887049996,0.0312555526878492,0.00240372750371595,0.00149658989273433,"COSMOS"
"73",0.0887629939792585,0.0671397867848438,0.0183549300970824,0.800834316533809,0.0249079726050062,"ODYSSEY"
"74",0.85040387027869,0.0286501582764351,0.0105173347042387,0.0558243909212774,0.0546042458193584,"CENTAUR"
"75",0.830230390121617,0.0311839336207562,0.0107501351531049,0.0650528979326392,0.0627826431718824,"CENTAUR"
"76",0.782451357073658,0.0491002406002153,0.0161512552107184,0.0767172156158464,0.0755799314995618,"CENTAUR"
"77",0.236919213164576,0.0833968586416966,0.027540106530592,0.121554994544531,0.530588827118604,"TOKUGAWA"
"78",0.128954272344625,0.0891519001416197,0.0247476740475581,0.717721979161423,0.0394241743047743,"ODYSSEY"
"79",0.809799276631088,0.039902326922496,0.0125383743655691,0.0803017308351695,0.0574582912456778,"CENTAUR"
"80",0.00543765564149866,0.626954241312726,0.103712795596004,0.247193455200889,0.0167018522488819,"COSMOS"
"81",0.837118404588368,0.00184882351920185,0.000747780788460625,0.124953444512625,0.0353315465913447,"CENTAUR"
"82",0.00439840050639731,0.0868666460945525,0.89320650512175,0.0114381221793215,0.00409032609797901,"EBONY"
"83",0.803734560285005,0.0492633217030915,0.0178824650618571,0.0642822778146456,0.064837375135401,"CENTAUR"
"84",0.00133293916801019,0.957670514440124,0.0354079449264872,0.00355332757771915,0.00203527388765961,"COSMOS"
"85",0.738970354616453,0.0765150188522172,0.0231951547006801,0.0748886235296238,0.0864308483010253,"CENTAUR"
"86",0.0560017953167862,0.13215675606077,0.0414248718262457,0.735114686261391,0.0353018905348074,"ODYSSEY"
"87",0.0017402338409193,0.864878280677675,0.0642585327549691,0.0073970757796024,0.0617258769468346,"COSMOS"
"88",0.0238406902242044,0.870484298029923,0.0491016541465027,0.0375731571672249,0.0190002004321454,"COSMOS"
"89",0.480276040980091,0.241189847257494,0.0688896905748127,0.124496857774848,0.0851475634127541,"CENTAUR"
"90",0.0410036510170288,0.0859478021877636,0.0217079388762796,0.0248894386223874,0.82645116929654,"TOKUGAWA"
"91",0.298276209837778,0.0502172052214453,0.0155725274714464,0.119342490988365,0.516591566480966,"TOKUGAWA"
"92",0.826617280955619,0.0340387574564245,0.0109002087475393,0.0776613481017512,0.0507824047386664,"CENTAUR"
"93",0.0294636526039825,0.0405770560558913,0.0106935033092751,0.903639797593907,0.015625990436944,"ODYSSEY"
"94",0.828458064746712,0.0362093656713596,0.0110956365511496,0.0689667057476411,0.055270227283138,"CENTAUR"
"95",0.12128881937201,0.0015662778080175,0.000104182906346679,0.0251450713972491,0.851895648516377,"TOKUGAWA"
"96",0.804554669383053,0.0445355551899463,0.0160255159696926,0.0520803995842933,0.0828038598730151,"CENTAUR"
"97",0.0195623585109717,0.130579223137184,0.808509819407457,0.0294974887543374,0.0118511101900496,"EBONY"
"98",0.00304206539201486,0.190993099661053,0.793429272998475,0.00734450768543388,0.00519105426302278,"EBONY"
"99",0.802356707424284,0.0490851446918295,0.0181533015017959,0.0419388808927812,0.0884659654893093,"CENTAUR"
"100",0.0385288922520426,0.819233057638809,0.0538988281590574,0.0675774479402618,0.0207617740098297,"COSMOS"
"101",0.818385067145529,0.0404065485321765,0.0123020286858011,0.0736810584383924,0.0552252971981009,"CENTAUR"
"102",0.0450799349639519,0.807279537307456,0.0561649868318685,0.0658015549748061,0.0256739859219169,"COSMOS"
"103",0.225422749619927,0.1030516068776,0.0352035099370102,0.106165805199311,0.530156328366152,"TOKUGAWA"
"104",0.00294485977951448,0.174819860679666,0.758985903928108,0.0570950822334794,0.00615429337923176,"EBONY"
"105",0.809184829089224,0.0235469619919463,0.00791494201792335,0.0522782576275942,0.107075009273313,"CENTAUR"
"106",0.768903339148962,0.0604470885619426,0.0218083701507558,0.0509544202419714,0.0978867818963685,"CENTAUR"
"107",0.0112695799697071,0.895297525449228,0.0550855419124516,0.0254038634266503,0.0129434892419636,"COSMOS"
"108",0.789319483146333,0.0461920604796389,0.0158130334338225,0.0708404715441046,0.0778349513961015,"CENTAUR"
"109",0.792432702393084,0.0451083849508766,0.0153761879183144,0.037900325755734,0.109182398981991,"CENTAUR"
"110",0.00216242831480575,0.938423474323827,0.040848875056774,0.0147844488676413,0.00378077343695199,"COSMOS"
"111",0.253277821476934,0.0802034908128492,0.023780159026845,0.142699330145306,0.500039198538066,"TOKUGAWA"
"112",0.0416067627679656,0.814749474548643,0.0516542508636584,0.063259666674083,0.0287298451456502,"COSMOS"
"113",0.0105460450600902,0.779620085545725,0.0352593982204039,0.164678779050011,0.00989569212376967,"COSMOS"
"114",0.858728614618343,0.0269518296495693,0.00980204440878832,0.0558912164469514,0.0486262948763477,"CENTAUR"
"115",0.838753117203885,0.0293929953304678,0.00904395793645738,0.0693152393759095,0.05349469015328,"CENTAUR"
"116",0.850378353660367,0.0293020113183329,0.00999088817944893,0.0644171831314954,0.0459115637103553,"CENTAUR"
"117",0.842325453229518,0.0312110569760675,0.0101874036827792,0.0699198032200446,0.0463562828915905,"CENTAUR"
"118",0.21747250008739,0.0956668073514256,0.0281522564673568,0.0947241647048714,0.563984271388956,"TOKUGAWA"
"119",0.055291853645535,0.108162365088275,0.0290030910220465,0.777837829290175,0.0297048609539688,"ODYSSEY"
"120",0.801155875382443,0.0290731787422659,0.0130159796443856,0.0670690820135103,0.0896858842173954,"CENTAUR"
"121",0.210878751088158,0.0938876426898857,0.0295550069238466,0.0849956793491535,0.580682919948956,"TOKUGAWA"
"122",0.0637475604053761,0.0722064418202901,0.0211622720865754,0.81387525719754,0.0290084684902183,"ODYSSEY"
"123",0.757039669179633,0.0542039900977408,0.0165868611148314,0.0758544676023696,0.0963150120054253,"CENTAUR"
"124",0.0935305086623468,0.144530121415559,0.0404380932044198,0.686414118269481,0.0350871584481936,"ODYSSEY"
"125",0.00879373709870021,0.885743157995104,0.043799866114442,0.0522606487177562,0.00940259007399747,"COSMOS"
"126",0.0757686580231401,0.0674042982832269,0.017000575599746,0.81943764340501,0.0203888246888771,"ODYSSEY"
"127",0.0264242457591865,0.808474873841908,0.0546671557276263,0.0907239601003646,0.0197097645709147,"COSMOS"
"128",0.808191150114987,0.0147209160263524,0.00560061680832843,0.0421956476652211,0.129291669385111,"CENTAUR"
"129",0.798429027398348,0.046272521061673,0.0168280820258076,0.0749585882219656,0.0635117812922054,"CENTAUR"
"130",0.815806947588467,0.0316509792443683,0.0127047090003133,0.0535316814548978,0.0863056827119535,"CENTAUR"
"131",0.857104978558539,0.0237979305368306,0.00885170573695872,0.05136525657873,0.058880128588942,"CENTAUR"
"132",0.0265922959037224,0.84559740891771,0.0482995825946568,0.0599801740597881,0.0195305385241228,"COSMOS"
"133",0.804986984976208,0.0318083115745339,0.0112916574206117,0.0856758515500306,0.0662371944786158,"CENTAUR"
"134",0.830685467563143,0.0315992970431399,0.0107595266890285,0.0631276141552331,0.0638280945494549,"CENTAUR"
"135",0.00922622893294102,0.915186807270856,0.0473845075748514,0.0200979232240492,0.00810453299730288,"COSMOS"
"136",0.036415878429098,0.117135489941109,0.0281602845235257,0.798629298406371,0.019659048699896,"ODYSSEY"
"137",0.0715455540974225,0.0895569966895024,0.0270091893246916,0.777742904016123,0.0341453558722602,"ODYSSEY"
"138",0.0463530707061298,0.168713489785728,0.0433151192927477,0.712520152413457,0.0290981678019382,"ODYSSEY"
"139",0.815323221178731,0.0463014437569965,0.0174329536313034,0.0594937761829181,0.0614486052500513,"CENTAUR"
"140",0.841363910155773,0.0301614351925481,0.00984605976882627,0.0597517086274912,0.0588768862553615,"CENTAUR"
"141",0.0345290047699161,0.779515515268083,0.0997477989540715,0.056526706875666,0.0296809741322637,"COSMOS"
"142",0.0164363530152539,0.132982322243072,0.783673837680765,0.0510067664364454,0.0159007206244646,"EBONY"
"143",0.77732705969392,0.0539840694110533,0.0186783332134104,0.0672797718857322,0.082730765795884,"CENTAUR"
"144",0.750376075253247,0.0634742652207345,0.0240520409031279,0.0849372381519679,0.0771603804709221,"CENTAUR"
"145",0.0349612856060638,0.0465121312659414,0.0130624453466352,0.889706172087025,0.0157579656943352,"ODYSSEY"
"146",0.0068988597611484,0.172252773929864,0.791252359652461,0.0226243869904042,0.00697161966612282,"EBONY"
"147",0.774428012453691,0.0199210365794486,0.00841982634799713,0.0500643272256548,0.147166797393209,"CENTAUR"
"148",0.699059833941545,0.0438386143782725,0.0125274933037277,0.170842038136034,0.0737320202404211,"CENTAUR"
"149",0.00986740617975053,0.13657374060797,0.817032739652396,0.0260206362139087,0.0105054773459751,"EBONY"
"150",0.156873819526567,0.547175130251051,0.106048947062724,0.124679404970901,0.0652226981887566,"COSMOS"
"151",0.781818321380427,0.0652947955970063,0.0216274075479133,0.0474188588293122,0.0838406166453415,"CENTAUR"
"152",0.0019138605187511,0.94415466839694,0.0409004670937946,0.00912131204235613,0.00390969194815878,"COSMOS"
"153",0.000512002216815114,0.238044068611637,0.757127900166216,0.00246166785731824,0.00185436114801421,"EBONY"
"154",0.829132370464586,0.0351830952971605,0.0105433389720152,0.0695686766792674,0.055572518586971,"CENTAUR"
"155",0.0837352573719048,0.0516029231504538,0.0136148221675329,0.826070976889944,0.0249760204201648,"ODYSSEY"
"156",0.838685699677717,0.0300667671535449,0.0125433510684855,0.0489781134225273,0.069726068677725,"CENTAUR"
"157",0.41872537177058,0.0237167917936148,0.00991630377572253,0.132418647741301,0.415222884918782,"CENTAUR"
"158",0.0445370253319521,0.836103696529146,0.0508804297994674,0.0449861443526964,0.023492703986738,"COSMOS"
"159",0.055380871099096,0.133105065241371,0.0313615213768929,0.438020299308815,0.342132242973825,"ODYSSEY"
"160",0.842200002285057,0.0252327223298682,0.00869791724513991,0.0612438784127855,0.0626254797271496,"CENTAUR"
"161",0.0132656750999557,0.0746771785143042,0.0184130676955593,0.881023363837397,0.0126207148527841,"ODYSSEY"
"162",0.00191431371554534,0.949558024036726,0.0366887692632249,0.00822869105623597,0.00361020192826778,"COSMOS"
"163",0.890089850434184,0.0222432012390126,0.00838502215783362,0.0351175086125635,0.0441644175564065,"CENTAUR"
"164",0.0551189622433778,0.0504702398243493,0.0138259566593484,0.863037527598497,0.017547313674428,"ODYSSEY"
"165",0.0663072493037176,0.170177369988949,0.0433704528390681,0.68260965775025,0.0375352701180153,"ODYSSEY"
"166",0.0016210830475509,0.170743413534159,0.813379899724583,0.0106163787732235,0.00363922492048337,"EBONY"
"167",0.787127801229563,0.0454552405860979,0.0158254089240308,0.0822954413984329,0.0692961078618757,"CENTAUR"
"168",0.0183105867972194,0.873241582105989,0.0497226283629117,0.0281396061766879,0.0305855965571917,"COSMOS"
"169",0.881322050977096,0.0226824092662644,0.00800711915781491,0.0298752700905045,0.0581131505083206,"CENTAUR"
"170",0.0637100387622804,0.0965748037523978,0.0261142661170634,0.787791721886387,0.0258091694818715,"ODYSSEY"
"171",0.78279553114085,0.0486401089211116,0.0158813763582268,0.0769527471022155,0.0757302364775965,"CENTAUR"
"172",0.831317033910168,0.0351507003361821,0.0114233104014426,0.0735749794494906,0.0485339759027166,"CENTAUR"
"173",0.01986446916708,0.866155596006244,0.0526538586985299,0.0485914031853902,0.0127346729427555,"COSMOS"
"174",0.7678090892147,0.0496343499916378,0.0155159987528257,0.0707629542290309,0.0962776078118051,"CENTAUR"
"175",0.0776226593243924,0.147359480273715,0.0357122997212152,0.707418704938802,0.0318868557418756,"ODYSSEY"
"176",0.0198038061029252,0.87195131968263,0.0511116071621786,0.0450772863527452,0.0120559806995214,"COSMOS"
"177",0.115339889811833,0.141693296579875,0.0400885524317594,0.631788999328591,0.0710892618479414,"ODYSSEY"
"178",0.0749461170604643,0.749449576716906,0.117742710247795,0.0066453287588612,0.0512162672159727,"COSMOS"
"179",0.0292213114852009,0.131113391957544,0.0338346992233837,0.781808093280618,0.0240225040532539,"ODYSSEY"
"180",0.696792582248629,0.0781027675110955,0.0243483711739448,0.120710991831211,0.0800452872351195,"CENTAUR"
"181",0.0405530132412581,0.817727300722736,0.0532963460238886,0.0618886325204685,0.0265347074916486,"COSMOS"
"182",0.226644084860595,0.0777437846749748,0.0246662988218398,0.141987125125974,0.528958706516616,"TOKUGAWA"
"183",0.0232372715032552,0.879334400047186,0.045310563308314,0.0372540465456804,0.0148637185955643,"COSMOS"
"184",0.857140389640396,0.0259577475412195,0.00922907243509139,0.0563906322361602,0.0512821581471333,"CENTAUR"
"185",0.00399385424523122,0.903521730367175,0.0519199075774678,0.0354510549559202,0.00511345285420522,"COSMOS"
"186",0.7639415118316,0.0355375720922966,0.0118825130093096,0.105146424018298,0.0834919790484967,"CENTAUR"
"187",0.0937449303200812,0.070065052890381,0.020961126871127,0.779155784240618,0.0360731056777928,"ODYSSEY"
"188",0.0304198140052537,0.206265417606396,0.047558811788512,0.690735716163171,0.025020240436667,"ODYSSEY"
"189",0.7273289076117,0.0426329074190569,0.0119530417019611,0.134612913536711,0.0834722297305707,"CENTAUR"
"190",0.00389920145927917,0.906226894645121,0.043833903932111,0.0399651332959241,0.00607486666756467,"COSMOS"
"191",0.784182457296207,0.0496830739419852,0.0165531235354445,0.0775814699879461,0.0719998752384172,"CENTAUR"
"192",0.85299338836909,0.0297057907793938,0.0102716580944242,0.0510520808487459,0.0559770819083462,"CENTAUR"
"193",0.0936982271520716,0.161024815363577,0.0448238555078026,0.661064933307306,0.0393881686692429,"ODYSSEY"
"194",0.04779764019724,0.112702530189508,0.0355428722054446,0.780431497695631,0.0235254597121756,"ODYSSEY"
"195",0.0369495588684948,0.84452749617534,0.0459139818909364,0.0506088106778726,0.0220001523873564,"COSMOS"
"196",0.791558687587956,0.057876545491131,0.0192770282096757,0.0540718246294089,0.0772159140818287,"CENTAUR"
"197",0.829952064737346,0.0362650590493674,0.0111722198430233,0.069898469388599,0.0527121869816647,"CENTAUR"
"198",0.68037419076238,0.0707537906081937,0.0254733081540898,0.134912275416059,0.0884864350592778,"CENTAUR"
"199",0.824291914075821,0.0329253358208965,0.0114619583482912,0.0521618046534376,0.0791589871015542,"CENTAUR"
"200",0.0635691434660413,0.0935539463110032,0.0247393862918669,0.792265642732541,0.0258718811985477,"ODYSSEY"
"201",0.000532365550161014,0.228081975622758,0.752657037449651,0.0157725550305508,0.00295606634687941,"EBONY"
"202",0.0159846115149825,0.130807340696863,0.791851096005745,0.0446786862626943,0.0166782655197149,"EBONY"
"203",0.798798534437136,0.029753486521149,0.0109205671830334,0.0937447413011002,0.0667826705575815,"CENTAUR"
"204",0.832126927902315,0.0356345928303651,0.0113924752461193,0.0665673156862482,0.0542786883349525,"CENTAUR"
"205",0.0411209274996997,0.0706441490757369,0.0161514893089743,0.852539499948065,0.0195439341675246,"ODYSSEY"
"206",0.158505440975556,0.0895963058242521,0.0274032967869879,0.685947703504922,0.0385472529082826,"ODYSSEY"
"207",0.00290464425438369,0.841199023932691,0.142918958559421,0.00802390249304434,0.00495347076046056,"COSMOS"
"208",0.0110547930223012,0.0422594951957353,0.00909982859993946,0.927714822803297,0.00987106037872729,"ODYSSEY"
"209",0.0894471130979143,0.55741475767502,0.0855559651359748,0.182729445358869,0.0848527187322222,"COSMOS"
"210",0.0715155309120707,0.089167833345006,0.0233775139030848,0.78074983013173,0.0351892917081086,"ODYSSEY"
"211",0.80376766755021,0.0357535044318684,0.0128865685367417,0.0766616985007455,0.070930560980434,"CENTAUR"
"212",0.0181097757294933,0.869427374918809,0.046419372349182,0.0532736994949115,0.0127697775076043,"COSMOS"
"213",0.781554574027601,0.0389210604315885,0.0128781070342326,0.0870551823307124,0.0795910761758655,"CENTAUR"
"214",0.877811620953207,0.0251990763368591,0.00898415236311498,0.0356040776145354,0.0524010727322832,"CENTAUR"
"215",0.810006091743073,0.0308869604376093,0.011472222221809,0.0909162232065019,0.0567185023910073,"CENTAUR"
"216",0.0895766580008055,0.0737922090181635,0.0239794836127115,0.782229955614133,0.0304216937541863,"ODYSSEY"
"217",0.0387521128498484,0.82639267570584,0.0541371715603644,0.0581984900252337,0.0225195498587132,"COSMOS"
"218",0.0689627346120077,0.126589817425327,0.0369767141782563,0.73107254310365,0.0363981906807596,"ODYSSEY"
"219",0.0352701992537841,0.835787376388574,0.0557260603971295,0.0491746007426312,0.0240417632178812,"COSMOS"
"220",0.0266759998432029,0.0894399648028264,0.0237216349329006,0.841787484455135,0.0183749159659354,"ODYSSEY"
"221",0.0139224652667314,0.163173822904739,0.757400507413438,0.0540881129349977,0.0114150914800936,"EBONY"
"222",0.088561622160586,0.0729544549047718,0.0187828402122079,0.79139815455786,0.0283029281645746,"ODYSSEY"
"223",0.0298363850938728,0.847902716213182,0.0500460217971722,0.0516953325299578,0.0205195443658156,"COSMOS"
"224",0.0651607934705334,0.747475477168857,0.0496430452617427,0.114367286163762,0.023353397935105,"COSMOS"
"225",0.00984623399854604,0.885499891611597,0.0572521474149005,0.0386240772372172,0.00877764973773964,"COSMOS"
"226",0.0428739780209468,0.0570283552643416,0.0151685848002171,0.86102128700031,0.0239077949141841,"ODYSSEY"
"227",0.826617280955619,0.0340387574564245,0.0109002087475393,0.0776613481017512,0.0507824047386664,"CENTAUR"
"228",0.120833822682967,0.064399794136146,0.0217020056316379,0.753159552473474,0.0399048250757752,"ODYSSEY"
"229",0.0397464407104336,0.288120577091939,0.0694512686277372,0.573833417560151,0.0288482960097389,"ODYSSEY"
"230",0.00243229599116369,0.188898871729383,0.779133059247949,0.0237459914204149,0.00578978161109024,"EBONY"
"231",0.0369466568712241,0.828141153815955,0.0496765093003268,0.0700508481207822,0.0151848318917121,"COSMOS"
"232",0.0881851666631148,0.0714898954586594,0.0182631155642865,0.792376841246297,0.0296849810676419,"ODYSSEY"
"233",0.835907766084548,0.0310773549445202,0.0101664566024689,0.0722352174409198,0.0506132049275433,"CENTAUR"
"234",0.812534693422945,0.0388534444311743,0.0125758886817872,0.0767337731521403,0.0593022003119535,"CENTAUR"
"235",0.320775588484065,0.0600606789356357,0.0181667808750645,0.141795498459178,0.459201453246057,"TOKUGAWA"
"236",0.0319257111546342,0.299573665116686,0.0632945526221734,0.566818874183183,0.0383871969233229,"ODYSSEY"
"237",0.0369391421780231,0.827671431428711,0.0548926983284077,0.0572800169694319,0.0232167110954257,"COSMOS"
"238",0.00109938891661301,0.188490573777398,0.769240504245206,0.0384352414673805,0.00273429159340252,"EBONY"
"239",0.0687962232667123,0.0526237744579395,0.0165903303896737,0.836405194128425,0.0255844777572492,"ODYSSEY"
"240",0.76636077202645,0.0555793176825436,0.017907176895697,0.0724135677864159,0.0877391656088932,"CENTAUR"
"241",0.0809082400532762,0.0839411644357919,0.0215507376335583,0.771925375601822,0.0416744822755518,"ODYSSEY"
"242",0.109689119660297,0.103281465594693,0.031562427050982,0.71609000749271,0.0393769802013171,"ODYSSEY"
"243",0.000466907348132459,0.921356990059449,0.0749205503734932,0.0020630015157375,0.00119255070318751,"COSMOS"
"244",0.378123255615044,0.00402902349824183,0.00151902669103231,0.279103394149068,0.337225300046614,"CENTAUR"
"245",0.0594080915487775,0.0481299499768186,0.0148617273402874,0.86345894274967,0.0141412883844466,"ODYSSEY"
"246",0.849036041458743,0.0243679823726881,0.00852349126723333,0.0559751084258374,0.0620973764754981,"CENTAUR"
"247",0.811363831058838,0.0487749640962012,0.0178197515534432,0.0728719732357431,0.0491694800557746,"CENTAUR"
"248",0.0037596406432665,0.170189229438923,0.797483783882425,0.0236546047583697,0.00491274127701612,"EBONY"
"249",0.858878047625946,0.0296427255353184,0.0105203327929916,0.0403499343817065,0.0606089596640373,"CENTAUR"
"250",0.329749836113559,0.0735449344620917,0.0223109003836482,0.181176737874743,0.393217591165958,"TOKUGAWA"
"251",0.00508519786732459,0.931785797391287,0.0416078214136306,0.0160038827080272,0.00551730061973078,"COSMOS"
"252",0.00467751131174546,0.158251217977886,0.803995679212004,0.0257591971731373,0.00731639432522714,"EBONY"
"253",0.843333039922308,0.0260253110463271,0.00884267022507712,0.0517502185915264,0.0700487602147618,"CENTAUR"
"254",0.0144846843787669,0.868300959210492,0.0539273349742446,0.0502894737284324,0.0129975477080639,"COSMOS"
"255",0.29591401754845,0.0478725062698902,0.0151785337127596,0.113052311372158,0.527982631096742,"TOKUGAWA"
"256",0.778942142474712,0.0711327469943181,0.0228281196661076,0.0522854683570299,0.0748115225078326,"CENTAUR"
"257",0.848050385504295,0.0281647173223306,0.00984647952849306,0.0604182572203213,0.0535201604245596,"CENTAUR"
"258",0.0817453057793661,0.120289879718938,0.0300206261039982,0.179944831233208,0.587999357164489,"TOKUGAWA"
"259",0.0324793662624871,0.0727844938982125,0.0170922439130176,0.854520273315407,0.0231236226108755,"ODYSSEY"
"260",0.69277630629918,0.0991219716084194,0.0345150819851966,0.0821088048328062,0.0914778352743975,"CENTAUR"
"261",0.810575773231923,0.0544328824494937,0.0203620130532139,0.0445019295565026,0.0701274017088672,"CENTAUR"
"262",0.887692656406044,0.0231409510731797,0.00877533300163462,0.0314079473834321,0.0489831121357099,"CENTAUR"
"263",0.234873958964606,0.0357367298497861,0.0117732867340323,0.092928801503764,0.624687222947811,"TOKUGAWA"
"264",0.793708330681052,0.0586789399345061,0.0202938911305061,0.0523347845145026,0.0749840537394336,"CENTAUR"
"265",0.238347882888291,0.0427812957456998,0.0149691923803214,0.116111959041466,0.587789669944222,"TOKUGAWA"
"266",0.860288869939913,0.0216178736330954,0.00842586749100526,0.0474922038033145,0.0621751851326715,"CENTAUR"
"267",0.727696920081017,0.0669570707043931,0.0229285146098541,0.0768062541243782,0.105611240480358,"CENTAUR"
"268",0.00284317586635728,0.931816253679534,0.0509956088414669,0.0103237431066158,0.00402121850602591,"COSMOS"
"269",0.844392029079741,0.0271480384165014,0.00860166620986689,0.0583216959968657,0.0615365702970252,"CENTAUR"
"270",0.0144173887747253,0.875954135999585,0.0504873634986214,0.0458779807842359,0.0132631309428322,"COSMOS"
"271",0.0462622259824209,0.0493193954393793,0.0154746704473399,0.872789460874381,0.0161542472564791,"ODYSSEY"
"272",0.837941691952387,0.0292441164774437,0.00941268224612513,0.0597676873902955,0.0636338219337488,"CENTAUR"
"273",0.30519245848373,0.0763757405187391,0.022193399889003,0.162878499517347,0.433359901591181,"TOKUGAWA"
"274",0.105530847490109,0.0447667202862953,0.0166783170172116,0.783226692717444,0.0497974224889408,"ODYSSEY"
"275",0.816297974301433,0.0358010851420559,0.0108356967272357,0.0832864796834404,0.0537787641458347,"CENTAUR"
"276",0.0262295383703755,0.831527212129862,0.0437582165514639,0.0838783653221685,0.0146066676261307,"COSMOS"
"277",0.307332813827951,0.0314415823210689,0.0130035815784593,0.0913777710601047,0.556844251212416,"TOKUGAWA"
"278",0.0116832746026601,0.146985979543576,0.773367847475688,0.0559602384387269,0.0120026599393484,"EBONY"
"279",0.829581378305171,0.0307616136411666,0.0125892775563531,0.0705005297177354,0.0565672007795737,"CENTAUR"
"280",0.535904840162666,0.232770459050302,0.0621265104539951,0.0754672618289267,0.0937309285041109,"CENTAUR"
"281",0.866953053623558,0.0258667325841361,0.00994949150431675,0.036021568034534,0.061209154253455,"CENTAUR"
"282",0.285179577270718,0.0882701850672272,0.0303656286000901,0.135170738647894,0.461013870414071,"TOKUGAWA"
"283",0.219857285557944,0.0860371260104946,0.0273241675078611,0.14857110031868,0.518210320605021,"TOKUGAWA"
"284",0.0598739609589863,0.107852353608333,0.0299861220558395,0.770682446468548,0.0316051169082931,"ODYSSEY"
"285",0.0125167162058495,0.88571619116214,0.0488316302803968,0.0428042282452815,0.0101312341063318,"COSMOS"
"286",0.0388689248671329,0.818358132965275,0.0534424299922251,0.0683530815174576,0.02097743065791,"COSMOS"
"287",0.0738425191483034,0.0733254829135444,0.0191009421244864,0.810149581635217,0.0235814741784487,"ODYSSEY"
"288",0.00875618860423107,0.144136733691519,0.727679612035471,0.10678246067486,0.0126450049939187,"EBONY"
"289",0.0310952347205599,0.846151682459559,0.0588465216637633,0.049216149560397,0.0146904115957205,"COSMOS"
"290",0.046922749876159,0.231101358637971,0.0472284408830281,0.636285438384351,0.0384620122184908,"ODYSSEY"
"291",0.0603599885116269,0.0561974259615628,0.015171329624686,0.84459059607329,0.0236806598288343,"ODYSSEY"
"292",0.718674365349743,0.0830586369613788,0.0340799558162116,0.0614872890923393,0.102699752780327,"CENTAUR"
"293",0.00658490303772444,0.149529108715365,0.815449088542518,0.0210729767158219,0.00736392298857053,"EBONY"
"294",0.000252962518229687,0.967600751622784,0.0299303824893678,0.00151630941125752,0.00069959395836064,"COSMOS"
"295",0.109174531488581,0.0838338982201145,0.0245845025473137,0.745862917625152,0.0365441501188388,"ODYSSEY"
"296",0.839978417869267,0.031546002670426,0.0116789953486594,0.0678447562393328,0.048951827872315,"CENTAUR"
"297",0.0361929342284936,0.819038659441885,0.0539885222657987,0.0679865130045942,0.0227933710592285,"COSMOS"
"298",0.793788979811247,0.0467684615288353,0.0162770691700475,0.0716663369249252,0.0714991525649447,"CENTAUR"
"299",0.125288002199631,0.101633019075847,0.0276081590812526,0.704832962140778,0.0406378575024927,"ODYSSEY"
"300",0.158658395429671,0.0914679885180781,0.028394874925291,0.683013482447807,0.0384652586791531,"ODYSSEY"
"301",0.793545987643657,0.049121577149992,0.0175241008539629,0.0766682213819754,0.0631401129704132,"CENTAUR"
"302",0.0471784837467964,0.83031551835363,0.0524316275399726,0.0485914567655568,0.0214829135940438,"COSMOS"
"303",0.758152744833384,0.00184223379804627,0.000794865631776388,0.195029232009012,0.0441809237277813,"CENTAUR"
"304",0.00170694734612613,0.182295401998682,0.800487379693127,0.0117178156532507,0.00379245530881342,"EBONY"
"305",0.279992712645603,0.0920091016684312,0.0312536168406211,0.136661836341784,0.460082732503561,"TOKUGAWA"
"306",0.00166341113825918,0.942027814224547,0.0370613825000205,0.0165014668321392,0.00274592530503449,"COSMOS"
"307",0.00999995485641578,0.679623392537238,0.0687915826254407,0.219592414123474,0.0219926558574324,"COSMOS"
"308",0.339245958311241,0.0492004038681559,0.0202913204496749,0.1176551737069,0.473607143664028,"TOKUGAWA"
"309",0.0508563697433811,0.0844745454836197,0.0219343088131294,0.816603147779849,0.0261316281800203,"ODYSSEY"
"310",0.890880347099419,0.0212559612114442,0.00807012063570219,0.030765447868322,0.049028123185113,"CENTAUR"
"311",0.813967900413831,0.0351597161285521,0.0139014820932299,0.0893002165114584,0.0476706848529289,"CENTAUR"
"312",0.819420196201642,0.0388938055539837,0.0114944759912615,0.0745531588230111,0.0556383634301015,"CENTAUR"
"313",0.355493048176824,0.0706053906965226,0.0240277113574493,0.163272207506554,0.386601642262649,"TOKUGAWA"
"314",0.829763744092357,0.0334975724039453,0.0122804169136223,0.0659828254399716,0.0584754411501038,"CENTAUR"
"315",0.0220973294634722,0.130323198277136,0.763539626804418,0.0684395576360695,0.0156002878189044,"EBONY"
"316",0.779322971884439,0.0195638324769784,0.00606481426505639,0.0454224577417925,0.149625923631734,"CENTAUR"
"317",0.000386985179172871,0.956965867357503,0.0349327269639875,0.00685219838811901,0.000862222111217654,"COSMOS"
"318",0.0874114768001111,0.0728379841017652,0.0201656029450346,0.794185311922596,0.025399624230493,"ODYSSEY"
"319",0.118281881784913,0.0813837848114121,0.0237953203172421,0.740230363704178,0.0363086493822548,"ODYSSEY"
"320",0.06457454134955,0.105658848448565,0.0347461934397205,0.759187061183501,0.0358333555786632,"ODYSSEY"
"321",0.00096697867525423,0.217856910744594,0.765285699364797,0.0129920661192507,0.00289834509610434,"EBONY"
"322",0.0593215225518266,0.10330936286586,0.024549408905707,0.781941954718505,0.0308777509581004,"ODYSSEY"
"323",0.0184026744389757,0.866945847695282,0.0554756008343063,0.0503449374216931,0.00883093960974247,"COSMOS"
"324",0.850402974071902,0.0266093994220932,0.00937107957153958,0.0581553061433579,0.055461240791107,"CENTAUR"
"325",0.823591274952359,0.0442574317021575,0.0169739058689555,0.064132208629369,0.0510451788471588,"CENTAUR"
"326",0.0431271069607901,0.0562603276189507,0.0146648820853147,0.860607927802864,0.0253397555320807,"ODYSSEY"
"327",0.823100246113207,0.0365916521989088,0.0124383445673105,0.0717649416552197,0.056104815465354,"CENTAUR"
"328",0.0338791298547121,0.840640867662958,0.0548385706763724,0.0493266128706786,0.0213148189352786,"COSMOS"
"329",0.7669231451038,0.049406626597331,0.0158246744994569,0.0821232544055054,0.0857222993939062,"CENTAUR"
"330",0.0707246651162263,0.0767569963257857,0.0204054332453867,0.811402523635676,0.020710381676925,"ODYSSEY"
"331",0.0812211810053034,0.0658641103403056,0.0171885067439318,0.815250723018797,0.0204754788916628,"ODYSSEY"
"332",0.307610378974727,0.0404748783138389,0.0164667366646091,0.159547963711915,0.47590004233491,"TOKUGAWA"
"333",0.740368598612951,0.0890469130928852,0.034753871567699,0.0526341227202256,0.0831964940062392,"CENTAUR"
"334",0.0822272357169187,0.0763077805207206,0.0193606678392838,0.797497049246712,0.0246072666763653,"ODYSSEY"
"335",0.13771342290409,0.0937358576464689,0.027132445762426,0.698675189478507,0.0427430842085087,"ODYSSEY"
"336",0.860365012755411,0.0284323177500314,0.0107055042930177,0.0388650825988608,0.0616320826026787,"CENTAUR"
"337",0.104414433414836,0.0700998693890616,0.0233580778107522,0.769802928928217,0.0323246904571335,"ODYSSEY"
"338",0.0958197300603412,0.0622009066360955,0.0178273441398114,0.788996018288594,0.0351560008751583,"ODYSSEY"
"339",0.831368481524997,0.0330246498926273,0.0100191507522149,0.0679350072913004,0.0576527105388601,"CENTAUR"
"340",0.00807272248265118,0.0593150008213755,0.0118361744335637,0.91393982245727,0.00683627980513942,"ODYSSEY"
"341",0.0945226799923185,0.083734174336503,0.021563778366959,0.76332210591844,0.0368572613857797,"ODYSSEY"
"342",0.00452719658888807,0.16837694813748,0.790258792038806,0.0296227135598023,0.00721434967502367,"EBONY"
"343",0.0648536054887985,0.104042621246295,0.0265129864143041,0.782206238535112,0.0223845483154903,"ODYSSEY"
"344",0.0234966265812718,0.0413003039160679,0.00960918648052649,0.913818422741825,0.0117754602803086,"ODYSSEY"
"345",0.0494571568311362,0.0022936818778546,0.000827321498993366,0.934557960143871,0.0128638796481451,"ODYSSEY"
"346",0.799537541207673,0.0199608225731945,0.00621087968295402,0.0519441945138868,0.122346562022291,"CENTAUR"
"347",0.0143401486935422,0.133222694644361,0.790775969762597,0.0474450265336286,0.0142161603658712,"EBONY"
"348",0.819045350233156,0.0272476878184877,0.0104067330514476,0.0729125426265839,0.0703876862703253,"CENTAUR"
"349",0.779015778581348,0.0482233339642937,0.0161887462658138,0.0657647245823335,0.0908074166062112,"CENTAUR"
"350",0.0179813532650533,0.871937361942551,0.0435880919270988,0.0499827323549129,0.0165104605103844,"COSMOS"
"351",0.0615644536137808,0.103406332838047,0.0253025598201708,0.775060905930514,0.0346657477974872,"ODYSSEY"
"352",0.827540377157523,0.0253265254657169,0.0096096746874886,0.0497233954468309,0.0878000272424404,"CENTAUR"
"353",0.0225553480147951,0.847350021640282,0.0489303154636281,0.0617585304533467,0.0194057844279479,"COSMOS"
"354",0.304519797818555,0.0439742113989769,0.0171103644146428,0.157967207158198,0.476428419209628,"TOKUGAWA"
"355",0.84244729555297,0.0161831516769099,0.00638878610335575,0.0407670561746987,0.0942137104920654,"CENTAUR"
"356",0.00416264801537489,0.160854507337662,0.816645353259234,0.0120543495765865,0.00628314181114285,"EBONY"
"357",0.802243320444925,0.0501985685655046,0.0199490895045497,0.0664688142928624,0.0611402071921585,"CENTAUR"
"358",0.00888263510970593,0.153862003834523,0.78432569913738,0.0424602968421454,0.0104693650762455,"EBONY"
"359",0.00196750886090491,0.931224953944082,0.0349640279995469,0.0280614376049257,0.00378207159054078,"COSMOS"
"360",0.822360969789673,0.0307520466563799,0.00969826559062077,0.0643656682321113,0.0728230497312153,"CENTAUR"
"361",0.797438799241424,0.0472693030856105,0.017037584206616,0.0674916638714685,0.0707626495948813,"CENTAUR"
"362",0.793788979811247,0.0467684615288353,0.0162770691700475,0.0716663369249252,0.0714991525649447,"CENTAUR"
"363",0.00571425892543626,0.91892510301723,0.0443875449891435,0.0241998684320284,0.00677322463616238,"COSMOS"
"364",0.14204888722396,0.0919746068449165,0.0236546275684134,0.693072858943015,0.0492490194196954,"ODYSSEY"
"365",0.00632887249283098,0.152976942758948,0.815407475925465,0.018016395645343,0.00727031317741272,"EBONY"
"366",0.865844079960266,0.0267154639694963,0.00961411809154902,0.037512975036712,0.0603133629419771,"CENTAUR"
